Cross-validation accuracy: 0.9294 (±0.0043)
Test accuracy: 0.9307
Classification Report:
              precision    recall  f1-score   support

         1.0       0.94      0.88      0.91       438
         2.0       0.93      0.96      0.95       341
         3.0       0.87      0.87      0.87       112
         4.0       0.79      0.80      0.79        84
         5.0       0.98      0.98      0.98       230
         6.0       0.92      0.91      0.91       301
         7.0       0.92      0.95      0.94       648
         8.0       0.89      0.91      0.90       411
         9.0       0.75      0.36      0.49        66
        10.0       0.86      0.86      0.86       202
        11.0       0.99      0.95      0.97        78
        12.0       0.97      0.91      0.94        34
        13.0       0.99      1.00      0.99       334
        14.0       0.93      0.95      0.94       300
        15.0       0.99      1.00      0.99       299
        16.0       0.85      0.87      0.86       288
        17.0       0.88      0.79      0.83       119
        18.0       0.81      0.92      0.86       283
        19.0       0.99      0.98      0.99       439
        20.0       0.95      0.97      0.96       327
        21.0       0.92      0.88      0.90       285
        22.0       0.95      0.96      0.96       266
        23.0       0.97      0.99      0.98       553
        24.0       0.93      0.94      0.94       362
        25.0       0.89      0.90      0.90       305
        26.0       0.88      0.92      0.90       337
        27.0       0.97      0.98      0.98       485
        28.0       0.96      0.96      0.96       294
        29.0       0.99      0.98      0.98       446
        30.0       0.90      0.92      0.91       148
        31.0       1.00      1.00      1.00       475
        32.0       0.91      0.95      0.93       222
        33.0       0.89      0.92      0.90       213
        34.0       0.66      0.61      0.63       128
        35.0       0.85      0.76      0.80       102
        36.0       0.89      0.91      0.90       317
        37.0       0.95      0.92      0.93       361
        38.0       1.00      1.00      1.00       472
        39.0       0.99      1.00      1.00       361
        40.0       0.89      0.92      0.91       493
        41.0       0.94      0.93      0.94       259
        42.0       0.98      0.90      0.94       288
        43.0       0.99      0.98      0.99       411
        44.0       0.57      0.47      0.51        81
        45.0       0.99      0.99      0.99       331
        46.0       0.93      0.91      0.92       433
        47.0       0.92      0.70      0.79        83
        48.0       0.89      0.90      0.89       203
        49.0       0.86      0.88      0.87       515
        50.0       0.93      0.94      0.94       365

    accuracy                           0.93     14928
   macro avg       0.91      0.90      0.90     14928
weighted avg       0.93      0.93      0.93     14928